# Default initial positions for spot's ros2_control fake system

initial_positions:
  # Arm - stowed pose
  arm0_shoulder_yaw: 0.0
  arm0_shoulder_pitch: -3.14159265
  arm0_elbow_pitch: 3.12
  arm0_elbow_roll: 0.00
  arm0_wrist_pitch: 0.00
  arm0_wrist_roll: 0.00
  body_height_joint: 0
  body_pitch_joint: 0
  body_roll_joint: 0
  body_yaw_joint: 0

  # Legs/Body - Standing pose
  front_left_hip_x: -0.0058014001697301865
  front_left_hip_y: 0.7929132580757141
  front_left_knee: -1.5593334436416626
  front_right_hip_x: -0.007982775568962097
  front_right_hip_y: 0.7943171262741089
  front_right_knee: -1.5458697080612183
  rear_left_hip_x: 0.0062673864886164665
  rear_left_hip_y: 0.7941105961799622
  rear_left_knee: -1.5512280464172363
  rear_right_hip_x: 0.012335322797298431
  rear_right_hip_y: 0.8197641372680664
  rear_right_knee: -1.55510675907135

  # Fingers - Closed
  arm0_fingers: 0.0