# Default initial positions for spot's ros2_control fake system

initial_positions:
  # Arm - Mini-unstow pose
  arm0_shoulder_yaw: -0.008624732532881539
  arm0_shoulder_pitch: -2.349300005579395
  arm0_elbow_pitch: 2.565561565618062
  arm0_elbow_roll: 0.07087466657896295
  arm0_wrist_pitch: -0.2121338447537136
  arm0_wrist_roll: -0.06703231529036421
  body_height_joint: 0
  body_pitch_joint: 0
  body_roll_joint: 0
  body_yaw_joint: 0

  # Legs/Body - Standing pose
  front_left_hip_x: -0.0058014001697301865
  front_left_hip_y: 0.7929132580757141
  front_left_knee: -1.5593334436416626
  front_right_hip_x: -0.007982775568962097
  front_right_hip_y: 0.7943171262741089
  front_right_knee: -1.5458697080612183
  rear_left_hip_x: 0.0062673864886164665
  rear_left_hip_y: 0.7941105961799622
  rear_left_knee: -1.5512280464172363
  rear_right_hip_x: 0.012335322797298431
  rear_right_hip_y: 0.8197641372680664
  rear_right_knee: -1.55510675907135

  # Fingers - Closed
  arm0_fingers: 0.0