# Default initial positions for spot's ros2_control fake system

initial_positions:
  arm0_shoulder_yaw: -0.008624732532881539
  arm0_shoulder_pitch: -2.349300005579395
  arm0_elbow_pitch: 2.565561565618062
  arm0_elbow_roll: 0.07087466657896295
  arm0_wrist_pitch: -0.2121338447537136
  arm0_wrist_roll: -0.06703231529036421
  body_height_joint: 0
  body_pitch_joint: 0
  body_roll_joint: 0
  body_yaw_joint: 0