# Default initial positions for spot's ros2_control fake system

initial_positions:
  arm0_shoulder_yaw: -0.000362396240234375
  arm0_shoulder_pitch: -0.899552583694458
  arm0_elbow_pitch: 1.8030341863632202
  arm0_elbow_roll: 0.007572650909423828
  arm0_wrist_pitch: -0.8988518714904785
  arm0_wrist_roll: -0.0024976730346679688
  body_height_joint: 0
  body_pitch_joint: 0
  body_roll_joint: 0
  body_yaw_joint: 0